mean:
  mask: 0.06486892700195315
  pressure_im: 0.0010585477817268954
  pressure_re: 7.424803941577647e-05
std:
  mask: 0.2462944362172408
  pressure_im: 0.1999191371711859
  pressure_re: 0.19962861570463217
