mean:
  A: 0.7292278198939337
  B: 0.09658732411527494
std:
  A: 0.2398876617645008
  B: 0.12366442840472516
